225.00 400.00 400.00 600.00 300.00 255.00
  0.00 400.00 400.00 600.00 300.00 255.00
135.00 400.00 400.00 600.00 300.00 255.00
 45.00 400.00 400.00 600.00 300.00 255.00
270.00 400.00 400.00 600.00 300.00 255.00
180.00 400.00 400.00 600.00 300.00 255.00
315.00 400.00 400.00 600.00 300.00 255.00
 90.00 400.00 400.00 600.00 300.00 255.00
270.00 400.00 400.00 600.00 300.00 255.00
 45.00 400.00 400.00 600.00 300.00 255.00
 90.00 400.00 400.00 600.00 300.00 255.00
135.00 400.00 400.00 600.00 300.00 255.00
  0.00 400.00 400.00 600.00 300.00 255.00
180.00 400.00 400.00 600.00 300.00 255.00
315.00 400.00 400.00 600.00 300.00 255.00
225.00 400.00 400.00 600.00 300.00 255.00
270.00 400.00 400.00 600.00 300.00 255.00
225.00 400.00 400.00 600.00 300.00 255.00
 45.00 400.00 400.00 600.00 300.00 255.00
315.00 400.00 400.00 600.00 300.00 255.00
180.00 400.00 400.00 600.00 300.00 255.00
 90.00 400.00 400.00 600.00 300.00 255.00
  0.00 400.00 400.00 600.00 300.00 255.00
135.00 400.00 400.00 600.00 300.00 255.00
270.00 400.00 400.00 600.00 300.00 255.00
 90.00 400.00 400.00 600.00 300.00 255.00
225.00 400.00 400.00 600.00 300.00 255.00
  0.00 400.00 400.00 600.00 300.00 255.00
135.00 400.00 400.00 600.00 300.00 255.00
180.00 400.00 400.00 600.00 300.00 255.00
315.00 400.00 400.00 600.00 300.00 255.00
 45.00 400.00 400.00 600.00 300.00 255.00
